%%MatrixMarket matrix array real general
400 2
 2.788736847212205
 0.8150179001662019
 1.990996941230779
 2.796189646994828
 3.494146495545733
 2.852412051261794
-0.1375943878204655
 3.584435113842093
 1.687807308253494
 0.9545862013761934
 0.7053336044666596
 3.980632496329219
 2.832828306225226
 3.377168800915083
 0.7896570378274255
 1.503232264813568
 2.38821989569005
 1.115105987519783
 4.461735244716057
 2.767518588473008
 1.555070956277763
 2.499678652526274
-0.4174337216475452
 3.310394544895827
 1.450678626430541
 1.866732599695054
 1.962358740289307
 3.56289437915005
 0.4745664358279387
-0.1589501874755492
 2.35990596279407
 3.379026166202411
 3.300802623712392
 3.590948296655939
 3.87579028727242
 1.548538453307575
 2.341614028222029
 3.935886980698297
 3.792433075264326
 0.854316905354102
 3.151548497254381
 3.323518584407629
 3.179084526498438
 2.1645356817132
 4.221065504087337
 2.153007154357281
 1.127530531686763
 2.280297970292902
 1.166672714223589
 2.405913230699018
 1.063996863655448
 0.5853932846076457
 0.5425689276849825
 1.662819151036518
 1.974274911750932
 2.759842090407693
 1.430239466935589
 1.898985099189471
 3.087724122159051
 1.126908086973524
 2.575237321318327
 1.929880762065707
 3.324475553792684
 3.734616387844607
 2.100292437882005
 2.963332450785514
 3.103111055671034
 2.510115118056062
 1.351663459716582
 2.909385004590414
 2.929228538646227
 1.606244655391653
 3.076727667976114
 1.828270356702094
 2.620117296445609
 0.8996075709614657
 1.367814846792438
 3.811541703807858
-0.8304670383452208
 2.032634570560176
 3.400993970839581
 3.736423278864335
 1.480517199500771
 1.285136474658534
 1.768073960070737
 2.398879450155124
 2.107131231076166
 1.243534215102589
 4.053819933059195
 2.211617300290733
 1.270222790081351
 0.5224305466299097
 2.288298863033808
 2.277332477078549
 3.411249896571803
 1.802860425771982
 2.769516223058139
 1.513686123037101
 2.197427060707389
 3.500156688352879
-2.683877356710582
-1.734120678340406
-1.794571546191142
-2.55048842873811
-3.745599828856066
-2.694123886937326
-1.304107897178794
-2.531687255290011
-2.214289969494641
-3.438661716040485
-1.496916601315186
-2.24976059822003
-2.23111589352492
-0.08530750170600832
-2.503982217828018
-2.15289101567119
-3.308091412775775
-1.090872819760035
-2.095889303696286
-3.101239515010854
-3.217387452790472
-0.2070637169914678
-2.064576278786632
-3.486811649788833
-0.3393514732620455
-3.232614794798244
-3.226284341714606
-3.195181978063778
-3.474495858230076
-1.739773552746377
-1.439140013983054
-1.896695789052566
-1.780021054180063
-1.017458851780629
-2.713966107392914
-1.787109523948593
-2.595893100738548
-2.74223237093266
-2.935786210883451
-0.2345540596358697
-2.880692231245229
-4.007120943013579
-0.4023323717021057
-1.538714305862399
-2.883641879130856
-0.09532544611984073
-1.6324568365785
-0.657307489134777
-1.585404839316672
-1.652484180113629
-1.931424155076739
-2.527113746793304
-1.413204292353351
-3.012971420995323
-0.973761137393091
-0.7455377117970141
-0.8948277781142624
-1.92408019923622
-1.163120955984517
-3.070935990238634
-1.381627551247551
-1.593632014791322
-0.4636372699085316
-2.375389698239596
-0.7595114032224928
-2.632472513454461
-2.32788790430904
-3.278924472027835
-0.3544602270939972
-0.633198445230212
-2.368982180735991
-0.9586464393606193
-3.284668478662082
-2.117995946011152
-4.260334948560219
-2.310747484463605
-2.103888363485275
-1.98292676470565
-1.387660671070299
-2.096572327806489
-2.102104504735209
-0.009907194041258949
-2.32533523837683
-1.454687278832727
-2.063410975604095
-1.156335887217775
-3.271356407741923
-3.311116571303737
-0.753605400723897
-0.9959064699929208
-2.54991444343043
-2.004236870253654
-0.544609878455099
-0.3877901005925104
-2.033183900830104
-0.01555534446484419
-1.984002166781816
-2.42946632832734
-1.892196534430782
-3.213439096547199
 1.680327967693681
 1.044444628881529
 0.181445768829519
 1.364767744834468
 2.314515850798224
 1.274015172557504
 1.389267013410859
 2.60971955352596
 1.692071862253873
 3.004195934433653
 1.446900293895715
 0.5617554175851409
 2.854739166488639
 1.340400803036954
 1.225854541408609
 4.273976716179654
 2.431643531627873
 1.218740448139956
 2.028381322728563
 3.464851860596105
 0.0967026644501412
 2.252985077371208
 2.437980560417933
 4.090496190317589
 1.35218931787824
 2.986222065888099
 1.760372755310807
 2.664187843797317
 2.02881410904852
 1.487339330105632
 2.435473259936555
 2.17885854170404
 0.7770860356203568
 1.25063426511321
 1.835368047288259
 3.239270009398078
 3.223520323507814
 1.856934752501846
 3.374995877994967
 1.901833841101902
 1.5098354389832
 3.366352493733697
 1.932841397431125
 2.017330679653472
 2.237191511335573
 3.041349490722557
 1.649218289347335
 1.335476954790259
-0.7317034110407934
 3.451961431984543
 0.7917145933968408
 2.938675218540729
 1.919552884031545
 3.635767359546847
 3.051233727631326
-0.02284572676342256
 1.133057646209919
 2.212383910571791
 1.266723176585789
 2.229815146453631
 1.988561141664207
 0.7216015037143939
 1.584881971896982
 1.281572831456256
 1.104471809374731
 3.047591814176858
 3.46297821620264
 2.14860706825518
 0.449056646623115
 1.430977526678527
 1.508662932355569
 1.456514296748892
 2.872128515010905
 0.831441887524371
 2.382675947240007
 0.1188076342138078
 3.631173956147448
 1.914295467956601
 2.05295601221184
 3.032080785204771
 1.795109123396095
 1.647514599133916
 2.152580862277609
 1.191111905431018
 2.375112999893422
 2.096062700803168
 2.719052023404831
 1.84868752179582
 1.044186186069489
 2.092119949399677
 0.7462216771781887
 1.374018832620733
 2.361309973535125
 1.686534988649153
 4.628395373453914
 1.723181493211843
 1.650284259276026
 2.667867070950281
 1.323773719944082
 0.2022587903977631
-2.167104139953949
-0.7823879830286589
-2.90820120190891
-1.630399073341705
-2.103395013583007
-3.872235209394636
-1.656420105182498
-1.142516444319116
-0.8559465741644434
-0.5116117086270671
-2.735820024772682
-0.6669380433199601
-2.797272297494586
-0.7826373583207138
-1.457693315436146
-1.955954775633122
-1.623942873988164
-2.620800814097725
-0.6057061617286725
-3.535720814583449
-2.366288715368471
-2.230757896571191
-1.704387072253488
-1.129295964878545
-3.065620117439776
-3.724343092841293
 0.1761557154167668
-2.020466399266878
-3.29341362080052
-1.900937282080906
-2.10371509674395
-2.055970533943884
-2.774155498774984
-0.9645047089292837
-0.006048604748028152
-1.611876924656812
-1.172950401915365
-1.721729664355628
-1.440590146520786
-1.674101059659852
-1.054444993989891
-2.367450878030724
-0.5769104371124028
-3.818241284978356
-3.12464436665819
-1.895023482606973
-1.805667420052306
-2.140676622319083
 0.02105622407232222
-3.442001862464774
-1.776291366237321
-1.59485026250926
-2.414843359644209
-1.649941093580557
-3.049626902178749
-2.625894602401808
-3.261873341969329
-2.450012686329865
-1.693182418985032
-0.5838480738806653
-1.023933774593015
-0.9224628521455296
-1.511964830860577
-3.046200082002741
-1.177390157368844
-0.3160095025864704
-1.939003389194112
-1.235277680193188
-3.220817275383557
-2.531860036467927
-2.723116076253557
-2.329540476816099
-3.835090233445393
-2.176661952864112
-1.935165145645165
-2.333930972085275
-0.3342031899761624
-2.247987702121846
 0.1447725341570401
-3.550560003832705
-2.646315672813276
-2.581442227288044
-1.419202064606379
 0.156345898843798
-1.510265722268356
-0.7310663307853311
-0.8511081183717502
 0.4298446683489416
-3.120902843230683
-0.5839226379875115
-3.378309217918498
-2.201330836721639
-1.072398510979067
-2.919733595967919
-1.614942727711845
-2.973666823155582
-3.927999698907692
-2.252964802348556
-3.731036312435737
-2.372100282988117
-0.974435125909471
-2.38117712433752
-1.203542447297919
-1.547965744564589
-2.677451421725802
-1.164522043414125
-1.012629427376993
-1.4809388720274
-3.169108500217115
-2.944325465339272
-3.92987214750058
-1.528239432723526
-3.012649733854269
-2.491329646865351
-1.540452082639538
-2.797444258874468
-0.855427922763675
-0.3476387853307836
-2.298138669383117
-2.92103456566001
-2.2984992305148
-1.872587877551174
-2.98411745817113
-2.397402840720196
-3.117101768297227
-0.6114434373666402
-0.3742676975498342
-2.768385342534279
-1.2521537481375
-1.077548115451966
-2.367551771737574
-2.759537923307111
-2.272115747721053
-5.071078784702653
-3.280330369814473
-2.228138783187305
-2.201677417956322
-1.290140891501242
-2.685340051178572
-1.207832710088565
-2.796391098651565
-2.824310602945779
-3.08753856202721
-3.322768083314947
-0.6964149074283819
-2.94826521815237
-1.585612108298586
-2.780051104413649
-3.517672103084096
-3.624741548012757
-3.458744469988464
-1.978128437619405
-1.859751249249992
-3.998158512039545
-1.18920681220014
-2.872007767651095
-2.517722929708542
-1.689427660999767
-2.375207777471864
-2.038777795282831
-3.715285126997496
-2.63797440190055
-1.436640236130574
-1.928003959507675
-3.435560008461006
-2.269925698097071
-1.644152696246551
-1.780036205825334
-3.351734297569028
-2.504252823187236
-0.3768520795973285
 0.02939926044538055
-3.718203347940285
-1.651491509195466
-1.90019821289816
-1.24300922796339
-1.616934310947621
-2.079016254414893
-2.197418780377049
-2.411723728025977
-2.865080868792777
-1.908466440550541
-1.111183528721844
-1.901633404414587
-0.3450692875412555
-0.5655800067379508
-2.293502889711671
-2.339458138952855
-1.655539552825837
-1.524524194854669
-3.804587579409021
-1.589658285369331
-1.495615712898979
-1.739793976708389
-0.8265719909965585
-3.105176591050079
-2.624278149224716
-1.144222861678067
-0.4738450959748965
-2.416811262033717
 0.8076402907461042
 1.262953835383715
 3.497349090150841
 3.100275271957204
 2.246821157377545
 2.365701534156394
 0.9605555018034528
 1.313966275878728
 3.581177172579387
 1.684750928702228
 3.782664099213599
 2.658830006416995
 2.926480719398274
 2.795073744848377
 3.079581600536887
 0.7225858585284988
 3.990366824688556
 1.417248790249476
 2.743650564477144
 3.259147153830995
 2.992220425362499
 0.7770968339684776
 0.09078458648291354
 2.536108264441982
 2.977152357794885
 0.4954042247085717
 1.228917063843808
 2.232282727268595
 1.575361358730768
 0.4897685896567265
 3.072065956627662
 0.7698821622289116
 2.730161540997831
 1.038462928802787
 1.538115513727934
 0.5783538262648951
 2.586270273335738
 1.553355894772085
 4.209635014078534
 3.679215287705064
 1.737623311957609
 2.473586431157777
 0.7432222148553527
 2.288476346246408
 2.796855300082218
 2.288875172147643
-0.06611463402605944
 2.727714775568026
 1.216261235590405
 1.350861375965132
 2.044411952683716
 1.724120610339426
 3.143536610183499
 2.719988840099758
 2.219609980998622
 1.386458912829383
 2.352447954896039
 2.820658665907674
 3.471434368456944
 2.787785017540557
 4.00298858467549
 2.565383837469618
 2.867796350340062
 2.19990107382259
 2.291784661242663
 3.709258670938991
 2.798412925564139
 1.248379942295459
 2.971889322407465
 1.804842974372436
-0.06976001721303859
 1.678772096611801
 1.790505648917223
 2.381974116733123
 1.60078603165557
 1.845774072770715
 0.9749605821855449
 1.948424922199145
 2.15411703695435
 1.668326634713869
 0.8350746667001383
 3.327974711103207
 2.408548894242209
 2.820707362142274
 2.963333472794362
 1.940623883751138
 1.747641687767533
 3.950647455594766
 2.946586201553154
 3.023373976373142
 1.355909932720267
 2.055799671046755
 2.385107616632233
 0.1896337348228221
 1.597482034268223
 2.316175809197919
 3.41314959283944
 2.658842957131095
 1.604722865810491
 1.874576190813775
 1.031458904520926
 0.7711279170210723
 2.69611753937566
 1.386236334184382
 0.9948787299986863
 1.164500174717756
 0.5898587711261223
 1.755191097986458
 2.057172068862266
 3.499876272713638
 0.9577049104416455
 2.995628227584025
 1.07488078074905
 1.958320488259529
 0.9237470096263092
 1.62322102146293
 2.200341272734031
 1.945488841770807
 2.781184898859175
 2.262906213957739
 2.375481997988157
 1.353539925876269
 1.094113182502586
 3.64551797169049
 0.4665659309822365
 1.864061268607339
 1.837452153383293
 2.898561574796775
 1.390471665210456
 0.1912098851185007
 3.736687193859288
 2.136752864469588
 3.693064912798061
 0.9439509030958311
 1.789032371085973
 0.879617410799417
 2.059628914751864
 2.207898686667701
 1.970807234557694
 0.04257651170222521
 2.830495729232868
 3.481505397964772
 0.8128492560401244
 1.346752702756699
 2.362931964958773
 1.338193036333416
 1.899173024146869
 3.943994017346643
 2.333328382650279
 2.177687891405189
 2.038099264638079
 0.4542527990493839
-0.3585366912505914
 3.836974144947561
 2.941142899861769
 3.099865471522308
 2.626122115766045
 3.064796094285374
 1.902083335033952
 2.599442561224079
 1.737855442207918
 0.1136660523336697
 0.433127041796852
 0.7319291864560797
 1.0544908849299
 3.348612664115226
 1.900189206529954
 1.477860816590884
 1.290364950836243
 2.838273768646169
 4.62009836558334
 1.63565426783962
 2.346113971091456
 2.411673904720822
 2.549382712599868
 1.185063000186823
 1.344938909998687
 2.397184357841919
 3.978164464416265
-0.08211326912791073
 1.4546921699559
-0.1766747374723381
 1.971549097740312
 2.607598919809605
 4.00373428422002
 2.077469579956805
 0.2082099328279625
 1.959878921104807
 0.9688842100692086
 2.017238395974693
 3.275202341184607
 2.161916223661723
-0.5799682521649787
 3.216940641942714
 1.396633347086746
 0.9626134646760367
 2.905946882611618
 0.447373175636137
 3.017956286515703
 1.115431090625759
-2.978495152557603
-1.604830134930076
-2.255191913478842
-1.105971282605735
-2.265774051862974
-2.067243737006519
-1.583400113716178
-1.788324736387861
-0.7990316940101523
-3.659502885019064
-4.041167048520377
-3.014026005614927
-1.348681118643644
-3.733253641881439
-1.168005801293367
-0.6355438561212963
-2.299878339705868
-1.575667731546516
-2.623665320074678
-1.707334482820869
-0.9243137027188819
-1.358524313749115
-0.6432446512990597
-2.145775784619391
-4.520361673507047
-1.020321540945754
-1.699546295597098
-1.284578802211549
-2.428880588819005
-1.653538490165069
-2.009278557349866
-2.383397716787087
-2.667325239205079
-0.3920851657332176
-2.605946468055767
-2.561406929326354
-2.998025807662917
-2.138446044359123
-1.783006082846975
-1.020997823721035
-2.402030180328246
-2.509185743759717
-2.480170191068902
-2.673523781486566
-4.965492671953706
-1.279177615970066
-4.619507572159522
-1.659192485759062
-1.874392735405586
-3.249609065589244
-2.331682520359186
-2.612524129778866
-2.906163600434235
-2.249961850544473
-2.042173826046807
-1.526580980251841
-1.750364766018613
-2.699659205732908
-3.57433030761666
-1.639373440803201
-2.072645950165478
-1.534456648568561
-1.217922847880108
-2.18204173003886
-2.787148817751633
-2.736012419530085
-2.233914533769211
-1.458604591890862
-1.412208230449503
-3.122673776415845
-2.719006232890737
-2.28298480090616
-2.796226732265574
-2.1890016407956
-1.819662031712252
-2.883232071812521
-2.612843295833566
-1.929509266418567
-1.52434749559988
-0.512829949934217
-0.6610335821380231
-2.090721667051913
-2.220548654496139
-3.378474369808304
-2.717379337265974
-1.882724136239317
-3.511692331454609
-1.191470191551197
-1.948086443295921
-0.6256659883043476
-1.596027323408574
-1.545379669702815
-1.999778570312397
-0.9776733378838385
-2.302061875339517
-1.994613840406381
-2.507884375636877
-1.748828971672845
 0.02799724847167706
-0.9021737408696033
